image: good_map_1.pgm
resolution: 0.050000
origin: [-30.524899, -15.522953, 0.000000]
negate: 0
occupied_thresh: 0.65
free_thresh: 0.196

